[array([0.67543 , 0.748945]), array([0.058084, 0.866176]), array([0.463538, 0.585335, 0.311607]), array([0.531561, 0.342526, 0.397711, 0.198366]), array([0.366362, 0.45607 , 0.785176, 0.199674]), array([0.743898, 0.127473, 0.738098, 0.636447, 0.075186]), array([0.948886, 0.965632, 0.808397, 0.304614, 0.097672, 0.684233]), array([0.055773, 0.01307 , 0.064056, 0.      , 0.414379, 0.703072,
       0.421898, 0.902928])]
[array([0.080919, 0.40298 ]), array([0.879273, 0.779203]), array([0.59192 , 0.7255  , 0.079854]), array([0.416983, 0.452178, 0.388383, 0.310864]), array([0.158875, 0.808215, 0.943956, 0.901422]), array([0.48091 , 0.425612, 0.348942, 0.809975, 0.255399]), array([0.580779, 0.526972, 0.351037, 0.493213, 0.365097, 0.657931]), array([0.122085, 0.080745, 0.011016, 0.224789, 0.742507, 0.480219,
       0.16568 , 0.248194])]
[array([0.411765, 0.096892]), array([0.738382, 0.987009]), array([0.531437, 0.743237, 0.013497]), array([0.396863, 0.455675, 0.411971, 0.235379]), array([0.354101, 0.886366, 0.78634 , 0.961742]), array([0.558005, 0.311919, 0.419502, 0.759493, 0.247187]), array([0.062461, 0.615847, 0.234084, 0.179148, 0.347001, 0.640961]), array([0.186668, 0.05473 , 0.042491, 0.001464, 0.233729, 0.866517,
       0.452104, 0.923183])]
[array([0.058084, 0.866176]), array([0.304242, 0.524756]), array([0.514744, 0.623185, 0.351839]), array([0.607545, 0.170524, 0.065052, 0.948886]), array([0.76234 , 0.344398, 0.146055, 0.728896]), array([0.969585, 0.775133, 0.939499, 0.894827, 0.5979  ]), array([0.986887, 0.772245, 0.198716, 0.005522, 0.815461, 0.706857]), array([0.710208, 0.012083, 0.316592, 0.179432, 0.912383, 0.583334,
       0.284515, 0.03674 ])]
[array([0.708073, 0.020584]), array([0.742636, 0.966564]), array([0.198716, 0.005522, 0.815461]), array([0.510747, 0.417411, 0.222108, 0.119865]), array([0.118875, 0.848215, 0.983956, 0.941422]), array([0.518005, 0.297469, 0.387221, 0.740676, 0.207187]), array([0.017896, 0.451673, 0.243562, 0.178118, 0.380429, 0.770969]), array([0.082085, 0.040745, 0.      , 0.264789, 0.782506, 0.520218,
       0.12568 , 0.288193])]
[array([0.304242, 0.524756]), array([0.811664, 0.97572 ]), array([0.828738, 0.356753, 0.280935]), array([0.314356, 0.508571, 0.907566, 0.249292]), array([0.101739, 0.808101, 0.975892, 0.961625]), array([0.50489 , 0.335599, 0.373531, 0.83699 , 0.208024]), array([0.031731, 0.493032, 0.244212, 0.250795, 0.367196, 0.906977]), array([0.025351, 0.962648, 0.83598 , 0.695974, 0.408953, 0.173294,
       0.156437, 0.250243])]
[array([0.774472, 0.198251]), array([0.967893, 0.690569]), array([0.967574, 0.959501, 0.065341]), array([0.326975, 0.442818, 0.440016, 0.243464]), array([0.163695, 0.808145, 0.95111 , 0.989187]), array([0.479021, 0.359647, 0.477757, 0.778974, 0.184113]), array([0.      , 0.48327 , 0.250078, 0.151852, 0.343468, 0.790653]), array([0.134367, 0.065376, 0.022541, 0.281641, 0.776276, 0.497252,
       0.104519, 0.208415])]
[array([0.304242, 0.524756]), array([0.831478, 1.      ]), array([0.559304, 0.682055, 0.170083]), array([0.331731, 0.443693, 0.438108, 0.242914]), array([0.038029, 0.898626, 1.      , 1.      ]), array([0.443353, 0.327757, 0.47361 , 0.776939, 0.154189]), array([0.009122, 0.508351, 0.353501, 0.091107, 0.427329, 0.9208  ]), array([0.      , 0.164585, 0.      , 0.079805, 0.870137, 0.620191,
       0.085158, 0.278261])]
[array([0.259099, 0.891537]), array([0.943526, 0.144966]), array([0.504725, 0.799062, 0.465673]), array([0.393133, 0.166404, 0.912328, 0.309428]), array([0.152239, 0.878599, 0.52977 , 0.618857]), array([0.599743, 0.268887, 0.405182, 0.777197, 0.052842]), array([0.343267, 0.07247 , 0.608531, 0.642506, 0.607695, 0.997222]), array([0.410358, 0.168523, 0.432584, 0.232918, 0.319915, 0.931761,
       0.530104, 0.      ])]
[array([0.154213, 0.921863]), array([0.857079, 1.      ]), array([0.572172, 0.93086 , 0.144352]), array([0.365436, 0.367504, 0.381479, 0.171022]), array([0.270045, 0.658569, 0.949358, 0.891842]), array([0.315476, 0.231416, 0.732476, 0.954838, 0.266351]), array([0.      , 0.751729, 0.466597, 0.      , 0.490431, 0.830515]), array([0.      , 0.379514, 0.22095 , 0.320986, 0.727664, 0.783647,
       0.456977, 0.67153 ])]
[array([0.844211, 0.977544]), array([0.642073, 0.02297 ]), array([0.689382, 0.817378, 0.695775]), array([0.402212, 0.421091, 0.377867, 0.118547]), array([0.      , 0.87691 , 0.894094, 0.967521]), array([0.324504, 0.322228, 0.386888, 0.786927, 0.074161]), array([0.023503, 0.541843, 0.098087, 0.123816, 0.475   , 0.686514]), array([0.      , 0.290091, 0.      , 0.42827 , 0.821658, 0.558434,
       0.019377, 0.076886])]
[array([0.095093, 0.552788]), array([0.904132, 1.      ]), array([0.51707 , 0.675062, 0.291529]), array([0.389732, 0.438659, 0.44373 , 0.254632]), array([0.034318, 0.891647, 1.      , 1.      ]), array([0.434477, 0.253379, 0.447253, 0.850644, 0.096109]), array([0.      , 0.51098 , 0.186901, 0.231484, 0.439842, 0.983371]), array([0.      , 0.142063, 0.      , 0.080088, 0.966533, 0.616588,
       0.101444, 0.169695])]